Power Flow Opt Results (Enhanced Hybrid - Load Shed Allowed - Zero Cost)
Objective: 1. Limits & Min Deviation, 2. Min Gen Cost
==============================

Bus Sensitivity Matrix (Shape: (41, 30)):
0.6360 -0.2061 0.1274 0.0233 -0.1190 -0.0321 -0.0681 -0.0320 -0.0228 -0.0178 -0.0228 0.0010 0.0010 -0.0017 -0.0039 -0.0069 -0.0145 -0.0087 -0.0116 -0.0132 -0.0174 -0.0173 -0.0090 -0.0158 -0.0213 -0.0213 -0.0247 -0.0313 -0.0247 -0.0247
0.3307 0.1727 -0.1607 -0.0566 0.0857 -0.0012 0.0348 -0.0014 -0.0106 -0.0155 -0.0106 -0.0343 -0.0343 -0.0316 -0.0295 -0.0265 -0.0188 -0.0246 -0.0217 -0.0202 -0.0159 -0.0160 -0.0244 -0.0176 -0.0121 -0.0121 -0.0086 -0.0020 -0.0086 -0.0086
0.2069 0.2828 -0.0377 -0.0877 0.1422 0.0018 0.0599 0.0016 -0.0133 -0.0213 -0.0133 -0.0517 -0.0517 -0.0473 -0.0439 -0.0390 -0.0267 -0.0360 -0.0313 -0.0288 -0.0219 -0.0221 -0.0356 -0.0246 -0.0158 -0.0158 -0.0101 0.0005 -0.0101 -0.0101
0.2973 0.1394 0.8059 -0.0900 0.0524 -0.0346 0.0014 -0.0347 -0.0439 -0.0488 -0.0439 -0.0676 -0.0676 -0.0649 -0.0628 -0.0598 -0.0522 -0.0579 -0.0550 -0.0535 -0.0492 -0.0493 -0.0577 -0.0509 -0.0454 -0.0454 -0.0419 -0.0354 -0.0419 -0.0419
0.1382 0.1634 0.0569 0.0402 -0.4202 -0.0044 -0.1766 -0.0043 0.0031 0.0071 0.0031 0.0222 0.0222 0.0201 0.0184 0.0159 0.0098 0.0144 0.0121 0.0109 0.0074 0.0075 0.0142 0.0088 0.0043 0.0043 0.0015 -0.0038 0.0015 0.0015
0.2576 0.3144 0.0749 0.0375 0.1256 -0.0628 0.0152 -0.0626 -0.0459 -0.0370 -0.0459 -0.0029 -0.0029 -0.0078 -0.0117 -0.0172 -0.0309 -0.0205 -0.0258 -0.0285 -0.0363 -0.0361 -0.0209 -0.0333 -0.0432 -0.0432 -0.0495 -0.0614 -0.0495 -0.0495
0.2291 0.1521 0.4770 0.5277 -0.0616 -0.2751 -0.1867 -0.2731 -0.1398 -0.0682 -0.1398 0.2043 0.2043 0.1650 0.1343 0.0904 -0.0198 0.0635 0.0216 -0.0005 -0.0626 -0.0608 0.0604 -0.0384 -0.1178 -0.1178 -0.1681 -0.2635 -0.1681 -0.1681
-0.1048 -0.1301 -0.0235 -0.0069 -0.5465 0.0377 0.2099 0.0376 0.0302 0.0262 0.0302 0.0111 0.0111 0.0133 0.0150 0.0174 0.0235 0.0189 0.0212 0.0225 0.0259 0.0258 0.0191 0.0246 0.0290 0.0290 0.0318 0.0371 0.0318 0.0318
-0.0715 -0.0967 0.0098 0.0264 -0.5131 0.0711 -0.7567 0.0710 0.0635 0.0596 0.0635 0.0444 0.0444 0.0466 0.0483 0.0508 0.0569 0.0522 0.0546 0.0558 0.0593 0.0592 0.0524 0.0579 0.0623 0.0623 0.0651 0.0704 0.0651 0.0651
0.0649 0.0651 0.0643 0.0642 0.0657 0.0662 0.0660 -0.7934 0.0530 0.0461 0.0530 0.0498 0.0498 0.0470 0.0448 0.0482 0.0467 0.0453 0.0455 0.0456 0.0413 0.0398 0.0346 0.0209 -0.0304 -0.0304 -0.0630 -0.1247 -0.0630 -0.0630
0.2049 0.2074 0.1965 0.1948 0.2146 0.2218 0.2188 0.2191 -0.3964 -0.1945 -0.3964 -0.0017 -0.0017 -0.0224 -0.0385 -0.0823 -0.1603 -0.0930 -0.1253 -0.1423 -0.1750 -0.1689 -0.0612 -0.0916 0.0135 0.0135 0.0801 0.2064 0.0801 0.0801
0.1040 0.1054 0.0992 0.0982 0.1096 0.1136 0.1119 0.1121 -0.0421 -0.1244 -0.0421 -0.0142 -0.0142 -0.0260 -0.0352 -0.0603 -0.1048 -0.0664 -0.0849 -0.0946 -0.1133 -0.1098 -0.0482 -0.0656 -0.0055 -0.0055 0.0326 0.1049 0.0326 0.0326
0.0333 0.0333 0.0333 0.0333 0.0333 0.0333 0.0333 0.0333 0.0333 0.0333 -0.9667 0.0333 0.0333 0.0333 0.0333 0.0333 0.0333 0.0333 0.0333 0.0333 0.0333 0.0333 0.0333 0.0333 0.0333 0.0333 0.0333 0.0333 0.0333 0.0333
0.1382 0.1408 0.1299 0.1282 0.1479 0.1551 0.1521 0.1524 0.5369 -0.2612 0.5369 -0.0684 -0.0684 -0.0890 -0.1051 -0.1490 -0.2269 -0.1597 -0.1920 -0.2090 -0.2417 -0.2355 -0.1279 -0.1583 -0.0532 -0.0532 0.0134 0.1398 0.0134 0.0134
0.2418 0.2368 0.2580 0.2613 0.2229 0.2090 0.2147 0.2066 0.0493 -0.0352 0.0493 -0.3569 -0.3569 -0.3105 -0.2743 -0.2225 -0.0924 -0.1907 -0.1412 -0.1152 -0.0419 -0.0440 -0.1870 -0.0704 0.0233 0.0233 0.0826 0.1953 0.0826 0.0826
-0.0333 -0.0333 -0.0333 -0.0333 -0.0333 -0.0333 -0.0333 -0.0333 -0.0333 -0.0333 -0.0333 -0.0333 0.9667 -0.0333 -0.0333 -0.0333 -0.0333 -0.0333 -0.0333 -0.0333 -0.0333 -0.0333 -0.0333 -0.0333 -0.0333 -0.0333 -0.0333 -0.0333 -0.0333 -0.0333
0.0422 0.0416 0.0441 0.0445 0.0399 0.0382 0.0389 0.0377 0.0214 0.0125 0.0214 0.0910 0.0910 -0.4526 -0.0965 0.0582 0.0265 -0.0583 -0.0358 -0.0239 0.0072 0.0056 -0.0618 -0.0154 0.0026 0.0026 0.0140 0.0356 0.0140 0.0140
0.0963 0.0942 0.1032 0.1046 0.0883 0.0823 0.0848 0.0808 0.0237 -0.0072 0.0237 0.2667 0.2667 -0.1011 -0.3881 0.1523 0.0414 -0.2549 -0.1761 -0.1347 -0.0257 -0.0316 -0.2669 -0.1049 -0.0421 -0.0421 -0.0023 0.0732 -0.0023 -0.0023
0.0367 0.0344 0.0440 0.0455 0.0281 0.0218 0.0244 0.0214 -0.0626 -0.1072 -0.0626 0.2187 0.2187 0.1765 0.1436 -0.4996 -0.2270 0.0559 0.0040 -0.0233 -0.0900 -0.0846 0.0749 -0.0168 -0.0039 -0.0039 0.0043 0.0199 0.0043 0.0043
0.0088 0.0082 0.0108 0.0112 0.0065 0.0048 0.0055 0.0044 -0.0119 -0.0208 -0.0119 0.0576 0.0576 0.5140 -0.1298 0.0249 -0.0069 -0.0917 -0.0691 -0.0573 -0.0261 -0.0278 -0.0951 -0.0487 -0.0308 -0.0308 -0.0194 0.0022 -0.0194 -0.0194
0.0033 0.0011 0.0107 0.0122 -0.0053 -0.0116 -0.0090 -0.0119 -0.0959 -0.1405 -0.0959 0.1854 0.1854 0.1432 0.1102 0.4671 -0.2603 0.0225 -0.0293 -0.0566 -0.1234 -0.1180 0.0416 -0.0501 -0.0372 -0.0372 -0.0290 -0.0135 -0.0290 -0.0290
0.0361 0.0348 0.0403 0.0411 0.0313 0.0277 0.0292 0.0278 -0.0243 -0.0517 -0.0243 0.1391 0.1391 0.1838 0.2186 0.0594 -0.0178 -0.5262 -0.3753 -0.2958 -0.0348 -0.0295 0.1411 0.0374 0.0342 0.0342 0.0321 0.0282 0.0321 0.0321
0.0028 0.0015 0.0069 0.0078 -0.0021 -0.0056 -0.0041 -0.0055 -0.0576 -0.0851 -0.0576 0.1058 0.1058 0.1504 0.1853 0.0260 -0.0512 0.4405 -0.4086 -0.3292 -0.0682 -0.0628 0.1077 0.0041 0.0008 0.0008 -0.0012 -0.0052 -0.0012 -0.0012
-0.0305 -0.0318 -0.0264 -0.0255 -0.0354 -0.0390 -0.0375 -0.0389 -0.0909 -0.1184 -0.0909 0.0725 0.0725 0.1171 0.1519 -0.0073 -0.0845 0.4072 0.5581 -0.3625 -0.1015 -0.0962 0.0744 -0.0292 -0.0325 -0.0325 -0.0346 -0.0385 -0.0346 -0.0346
0.0639 0.0652 0.0597 0.0589 0.0687 0.0723 0.0708 0.0722 0.1243 0.1517 0.1243 -0.0391 -0.0391 -0.0838 -0.1186 0.0406 0.1178 -0.3738 -0.5247 -0.6042 0.1348 0.1295 -0.0411 0.0626 0.0658 0.0658 0.0679 0.0718 0.0679 0.0679
0.0300 0.0323 0.0227 0.0212 0.0386 0.0449 0.0423 0.0452 0.1292 0.1738 0.1292 -0.1520 -0.1520 -0.1098 -0.0769 -0.4337 -0.7064 0.0108 0.0627 0.0899 0.1567 0.1513 -0.0083 0.0835 0.0705 0.0705 0.0623 0.0468 0.0623 0.0623
0.0725 0.0728 0.0716 0.0714 0.0737 0.0745 0.0742 0.0718 0.1287 0.1573 0.1287 0.0486 0.0486 0.0305 0.0164 0.0940 0.1380 0.0657 0.0948 0.1102 -0.5021 -0.3948 -0.0934 -0.2401 -0.1347 -0.1347 -0.0678 0.0591 -0.0678 -0.0678
0.0424 0.0426 0.0418 0.0417 0.0432 0.0437 0.0435 0.0420 0.0793 0.0981 0.0793 0.0267 0.0267 0.0148 0.0055 0.0565 0.0854 0.0379 0.0571 0.0671 -0.1777 -0.2647 -0.0666 -0.1630 -0.0937 -0.0937 -0.0498 0.0336 -0.0498 -0.0498
0.0392 0.0395 0.0382 0.0380 0.0403 0.0412 0.0408 0.0385 0.0954 0.1240 0.0954 0.0152 0.0152 -0.0028 -0.0170 0.0607 0.1047 0.0323 0.0615 0.0768 0.4646 -0.4281 -0.1267 -0.2735 -0.1680 -0.1680 -0.1011 0.0258 -0.1011 -0.1011
0.0357 0.0342 0.0403 0.0413 0.0302 0.0262 0.0278 0.0240 0.0027 -0.0096 0.0027 0.1519 0.1519 0.1959 0.2302 0.0844 0.0191 0.1463 0.0967 0.0706 -0.0503 -0.0632 -0.5364 -0.2244 -0.1404 -0.1404 -0.0871 0.0139 -0.0871 -0.0871
0.0483 0.0488 0.0467 0.0464 0.0502 0.0515 0.0510 0.0471 0.1413 0.1888 0.1413 0.0086 0.0086 -0.0214 -0.0448 0.0839 0.1568 0.0369 0.0852 0.1107 0.2535 0.2739 -0.2267 -0.4699 -0.2950 -0.2950 -0.1842 0.0260 -0.1842 -0.1842
0.0023 0.0009 0.0070 0.0080 -0.0032 -0.0072 -0.0055 -0.0093 -0.0306 -0.0430 -0.0306 0.1186 0.1186 0.1625 0.1968 0.0511 -0.0143 0.1130 0.0634 0.0373 -0.0837 -0.0965 0.4303 -0.2577 -0.1737 -0.1737 -0.1205 -0.0194 -0.1205 -0.1205
0.0173 0.0163 0.0204 0.0210 0.0137 0.0110 0.0121 0.0045 0.0774 0.1125 0.0774 0.0938 0.0938 0.1078 0.1187 0.1016 0.1092 0.1165 0.1153 0.1146 0.1365 0.1441 0.1702 0.2391 -0.5021 -0.5021 -0.3380 -0.0267 -0.3380 -0.3380
-0.0604 -0.0610 -0.0588 -0.0584 -0.0624 -0.0639 -0.0633 -0.0675 -0.0274 -0.0082 -0.0274 -0.0184 -0.0184 -0.0107 -0.0048 -0.0141 -0.0100 -0.0059 -0.0066 -0.0070 0.0050 0.0092 0.0235 0.0614 0.2035 1.2035 -0.2556 -0.0846 -0.2556 -0.2556
0.0494 0.0503 0.0463 0.0457 0.0530 0.0556 0.0545 0.0622 -0.0107 -0.0458 -0.0107 -0.0272 -0.0272 -0.0411 -0.0520 -0.0350 -0.0425 -0.0499 -0.0486 -0.0479 -0.0698 -0.0774 -0.1036 -0.1725 -0.4312 -0.4312 0.4047 0.0934 0.4047 0.4047
-0.1494 -0.1503 -0.1463 -0.1457 -0.1530 -0.1556 -0.1545 -0.1622 -0.0893 -0.0542 -0.0893 -0.0728 -0.0728 -0.0589 -0.0480 -0.0650 -0.0575 -0.0501 -0.0514 -0.0521 -0.0302 -0.0226 0.0036 0.0725 0.3312 0.3312 0.4953 -0.1934 0.4953 0.4953
0.0376 0.0376 0.0376 0.0376 0.0376 0.0376 0.0376 0.0376 0.0376 0.0376 0.0376 0.0376 0.0376 0.0376 0.0376 0.0376 0.0376 0.0376 0.0376 0.0376 0.0376 0.0376 0.0376 0.0376 0.0376 0.0376 0.0376 0.0376 -0.6802 -0.3721
0.0291 0.0291 0.0291 0.0291 0.0291 0.0291 0.0291 0.0291 0.0291 0.0291 0.0291 0.0291 0.0291 0.0291 0.0291 0.0291 0.0291 0.0291 0.0291 0.0291 0.0291 0.0291 0.0291 0.0291 0.0291 0.0291 0.0291 0.0291 -0.2532 -0.5613
0.0042 0.0042 0.0042 0.0042 0.0042 0.0042 0.0042 0.0042 0.0042 0.0042 0.0042 0.0042 0.0042 0.0042 0.0042 0.0042 0.0042 0.0042 0.0042 0.0042 0.0042 0.0042 0.0042 0.0042 0.0042 0.0042 0.0042 0.0042 0.2865 -0.4054
-0.0316 -0.0318 -0.0310 -0.0309 -0.0323 -0.0329 -0.0326 -0.1733 -0.0197 -0.0127 -0.0197 -0.0164 -0.0164 -0.0137 -0.0115 -0.0149 -0.0134 -0.0119 -0.0122 -0.0123 -0.0080 -0.0065 -0.0013 0.0124 0.0637 0.0637 0.0963 0.1581 0.0963 0.0963
0.1511 0.1519 0.1486 0.1481 0.1540 0.1561 0.1552 0.0222 0.1029 0.0748 0.1029 0.0897 0.0897 0.0785 0.0698 0.0835 0.0774 0.0715 0.0726 0.0731 0.0555 0.0495 0.0285 -0.0267 -0.2342 -0.2342 -0.3657 -0.6152 -0.3657 -0.3657

Line Limits:
L1: 500.00
L2: 200.00
L3: 100.00
L4: 150.00
L5: 150.00
L6: 150.00
L7: 150.00
L8: 40.00
L9: 50.00
L10: 50.00
L11: 100.00
L12: 50.00
L13: 25.00
L14: 100.00
L15: 150.00
L16: 25.00
L17: 27.00
L18: 100.00
L19: 20.00
L20: 20.00
L21: 20.00
L22: 40.00
L23: 50.00
L24: 50.00
L25: 50.00
L26: 50.00
L27: 25.00
L28: 25.00
L29: 25.00
L30: 40.00
L31: 40.00
L32: 40.00
L33: 40.00
L34: 40.00
L35: 40.00
L36: 50.00
L37: 40.00
L38: 25.00
L39: 25.00
L40: 25.00
L41: 50.00

Gen Costs:
G1: 8.34
G2: 8.34

Gen Min Limits:
G1: 150.00
G2: 150.00

Gen Max Limits:
G1: 500.00
G2: 250.00

Initial Power Injection:
Bus 1: 383.9000
Bus 2: 18.3000
Bus 3: -2.4000
Bus 4: -7.6000
Bus 5: -94.2000
Bus 6: 0.0000
Bus 7: -22.8000
Bus 8: -30.0000
Bus 9: 0.0000
Bus 10: -5.8000
Bus 11: 0.0000
Bus 12: -11.2000
Bus 13: 0.0000
Bus 14: -6.2000
Bus 15: -148.7000
Bus 16: -3.5000
Bus 17: -9.0000
Bus 18: -3.2000
Bus 19: -9.5000
Bus 20: -2.2000
Bus 21: -17.5000
Bus 22: 0.0000
Bus 23: -3.2000
Bus 24: -8.7000
Bus 25: 0.0000
Bus 26: -3.5000
Bus 27: 0.0000
Bus 28: 0.0000
Bus 29: -2.4000
Bus 30: -10.6000

Optimized Power Injection:
Bus 1: 246.6678
Bus 2: 150.0005
Bus 3: -2.3995
Bus 4: -7.5929
Bus 5: -94.1850
Bus 6: 0.0000
Bus 7: -22.7894
Bus 8: -29.9869
Bus 9: 0.0000
Bus 10: -5.6385
Bus 11: 0.0000
Bus 12: -11.1983
Bus 13: 0.0000
Bus 14: -6.1979
Bus 15: -144.5925
Bus 16: -3.4898
Bus 17: -8.9991
Bus 18: -3.1989
Bus 19: -8.7376
Bus 20: -2.1026
Bus 21: -17.5000
Bus 22: 0.0000
Bus 23: -3.1531
Bus 24: -8.5818
Bus 25: 0.0000
Bus 26: -3.3816
Bus 27: 0.0000
Bus 28: 0.0000
Bus 29: -2.3440
Bus 30: -10.5989

Initial Power Flow:
L1: 186.4751
L2: 129.3871
L3: 103.4469 --------------------- overflow
L4: 124.7667
L5: 107.9953
L6: 122.8583
L7: 89.1798
L8: -11.5875
L9: 13.4010
L10: 36.7377
L11: 76.0588
L12: 42.6247
L13: 2.1928
L14: 71.6643
L15: 129.2482
L16: -2.1928
L17: 29.6568 --------------------- overflow
L18: 90.7053
L19: -6.6744
L20: 21.2337 --------------------- overflow
L21: -12.3704
L22: -17.9118
L23: -23.2898
L24: -34.9612
L25: 39.3968
L26: 23.5733
L27: 27.9945 --------------------- overflow
L28: 15.2978
L29: 8.3318
L30: -21.0525
L31: 21.4441
L32: -26.4477
L33: -15.9057
L34: -18.7452
L35: 23.7882
L36: -43.3732
L37: 8.5415
L38: 8.8520
L39: 3.9408
L40: -4.5586
L41: 41.0198

Optimized Power Flow:
L1: 141.0379
L2: 105.6345
L3: 88.4621 ---------------------- new power flow
L4: 103.2145
L5: 98.2120
L6: 104.3824
L7: 73.3572
L8: -4.0188
L9: 18.7664
L10: 32.3251
L11: 61.1350
L12: 34.9578
L13: 0.0000
L14: 61.1331
L15: 110.7338
L16: -0.0000
L17: 26.2185 --------------------- new power flow 
L18: 82.0642
L19: -8.7227
L20: 19.9975 --------------------- new power flow
L21: -12.2089
L22: -19.8951
L23: -23.0792
L24: -31.7958
L25: 33.9341
L26: 21.2182
L27: 22.9472 --------------------- new power flow
L28: 12.3262
L29: 5.4769
L30: -22.6464
L31: 17.8102
L32: -25.7952
L33: -16.5761
L34: -14.3274
L35: 19.9479
L36: -32.8909
L37: 6.0249
L38: 6.9193
L39: 3.6796
L40: -2.3519
L41: 30.5516

Final Gen Deviation Sum: 268.9327
Final Gen Rescheduling Cost: 2242.90
Total Load Shed: 5.5317 MW (or p.u.)

Feasible: YES
